[0, 1, 1, 1, 12, 226, 128, 104, 148, 0, 0, 80, 27, 81, 38, 93, 227, 112, 106]
[0, 1, 1, 1, 12, 226, 128, 104, 148, 0, 0, 80, 27, 81, 38, 93, 230, 221, 61]

[0, 1, 1, 2, 12, 226, 128, 104, 148, 0, 0, 80, 27, 81, 38, 93, 230, 12, 226, 128, 104, 148, 0, 0, 80, 27, 81, 38, 93, 227, 65, 96]


[0, 1, 1, 2, 12, 226, 128, 104, 148, 0, 0, 80, 27, 81, 38, 93, 230, 12, 226, 128, 104, 148, 0, 0, 80, 27, 81, 38, 93, 227, 65, 96]
[0, 1, 1, 2, 12, 226, 128, 104, 148, 0, 0, 80, 27, 81, 38, 93, 227, 12, 226, 128, 104, 148, 0, 0, 80, 27, 81, 38, 93, 230, 191, 186]

[12, 226, 128, 104, 148, 0, 0, 64, 27, 81, 38, 93, 222, 12, 226, 0, 0, 27, 4, 15, 1, 102, 38, 0, 136, 195]


0C E2 80 68 94 00 00 40 1B 51 26 5D E1 0C

0CE28068940000401B51265DE1
0CE28068940000401B51265DDD
0CE28068940000401B51265A23
0CE28068940000501B51265A24
0CE28068940000401B51265DEB